<?xml version="1.0"?>
<opencv_storage>
<doi type_id="opencv-matrix">
  <rows>36</rows>
  <cols>1</cols>
  <dt>i</dt>
  <data>
    54 57 55 53 52 50 49 56 51 55 53 52 49 57 54 51 56 50 55 57 53 52 51
    49 56 54 50 56 55 54 53 52 50 49 57 51</data></doi>
</opencv_storage>
