<?xml version="1.0"?>
<opencv_storage>
<doi type_id="opencv-matrix">
  <rows>72</rows>
  <cols>1</cols>
  <dt>i</dt>
  <data>
    56 54 52 50 49 57 55 53 51 57 56 55 51 50 49 54 53 52 55 53 52 57 56
    54 51 50 49 55 53 52 57 56 54 51 50 49 49 57 56 54 53 52 51 50 55 57
    56 51 49 55 54 53 52 50 53 50 57 56 54 52 51 49 55 57 56 55 54 53 52
    51 50 49</data></doi>
</opencv_storage>
